Generation 35: Best Fitness = 0.7938076442941553
Substitution Matrix:
3.2013 2.2565 1.9967 0.7462 0.5089 0.2188 0.0864 -0.1454 -0.1829 -0.4859 -0.8164 -0.8999 -0.9125 -0.9626 -1.0631 -1.2992 -1.3366 -1.3559 -1.6658 -1.7549 -1.8009 -1.9808 -2.0854 -2.2106 -2.2659 -2.3292 -2.5034 -2.5606 -2.6321 -2.7111 -2.7922 -2.8415 -3.1787 -3.3846 -3.4919 -3.6096 -3.6952 -3.7541 -3.8978 -3.9050 -3.9273 -3.9814 -4.0276 -4.1407 -4.2666 -4.3680 -4.4952 -4.6301 -4.7021 -4.8056 -4.8623 -4.9037 
2.2565 3.2813 1.9879 1.6542 1.2933 0.8433 0.2141 0.1912 0.1849 0.1407 -0.2633 -0.2720 -0.3396 -0.5240 -0.5276 -0.8533 -0.9102 -0.9996 -1.1785 -1.2473 -1.3733 -1.4868 -1.5714 -1.7362 -1.8079 -1.8637 -1.9316 -2.0796 -2.1069 -2.1618 -2.4682 -2.5352 -2.6281 -2.7657 -2.8500 -2.8712 -2.9341 -2.9770 -3.0392 -3.3143 -3.5264 -3.5788 -3.7075 -3.8361 -3.9562 -4.0375 -4.2658 -4.5014 -4.5840 -4.7519 -4.8662 -4.9233 
1.9967 1.9879 3.3921 3.2707 2.6152 1.5526 1.0411 0.9760 0.6477 -0.3252 -0.4232 -0.4734 -0.4904 -0.5030 -0.6802 -0.7411 -0.9025 -0.9634 -1.1077 -1.3187 -1.4864 -1.5922 -1.6818 -1.7004 -1.7290 -1.7446 -1.7567 -1.8651 -2.3038 -2.3687 -2.3794 -2.4277 -2.5535 -2.8434 -2.8731 -2.9755 -3.0061 -3.0664 -3.3148 -3.4972 -3.6054 -3.6622 -3.7119 -3.8188 -4.0049 -4.0392 -4.1976 -4.2368 -4.5570 -4.6345 -4.6609 -4.9411 
0.7462 1.6542 3.2707 3.5271 3.1103 1.4529 1.0596 1.0579 -0.1497 -0.1975 -0.4851 -0.8014 -0.9739 -1.0267 -1.0792 -1.1749 -1.3300 -1.3440 -1.3759 -1.3825 -1.4364 -1.5565 -1.6374 -1.6703 -1.8062 -1.8315 -1.8458 -1.9400 -2.0893 -2.1850 -2.2293 -2.3010 -2.3609 -2.4127 -2.5149 -2.6138 -2.7260 -3.0212 -3.0847 -3.1206 -3.2753 -3.4511 -3.6200 -3.7882 -3.8797 -3.9657 -4.1074 -4.4300 -4.4882 -4.5439 -4.6356 -4.9090 
0.5089 1.2933 2.6152 3.1103 3.6111 2.7879 2.3129 2.2416 1.8494 1.4698 0.2531 0.0449 0.0234 -0.0157 -0.3902 -0.5385 -0.5515 -0.8177 -1.0348 -1.1686 -1.2039 -1.2915 -1.3675 -1.3716 -1.5858 -1.6359 -1.7083 -1.7670 -2.0772 -2.1516 -2.2138 -2.3024 -2.4222 -2.4594 -2.5486 -2.8991 -3.1212 -3.3083 -3.3569 -3.5619 -3.6280 -3.8008 -3.8748 -3.9316 -4.0031 -4.0636 -4.2886 -4.5034 -4.5972 -4.7858 -4.9603 -5.0019 
0.2188 0.8433 1.5526 1.4529 2.7879 4.0351 3.1879 3.1845 2.2803 2.0190 1.3404 0.2285 0.0871 0.0022 -0.1020 -0.3030 -0.4026 -0.5404 -0.8011 -0.8664 -1.2607 -1.3143 -1.5113 -1.5299 -1.6919 -1.8195 -1.8726 -1.9770 -2.1301 -2.5325 -2.5722 -2.5905 -2.6715 -2.8050 -2.8518 -3.1151 -3.1858 -3.3911 -3.5696 -3.8840 -3.9195 -3.9750 -4.0468 -4.1218 -4.1376 -4.1790 -4.3707 -4.4185 -4.4510 -4.5156 -4.6383 -4.8348 
0.0864 0.2141 1.0411 1.0596 2.3129 3.1879 4.0774 3.6931 3.4677 1.2067 0.9888 0.2121 -0.3013 -0.3814 -0.4139 -0.4385 -0.5126 -0.9999 -1.1316 -1.2838 -1.2957 -1.5708 -1.6595 -1.6618 -1.7670 -1.7716 -1.8572 -2.0692 -2.3067 -2.4086 -2.4753 -2.5677 -2.6074 -2.7281 -3.0372 -3.0552 -3.0776 -3.3040 -3.4512 -3.5228 -3.5488 -3.8662 -4.0163 -4.0531 -4.2308 -4.3502 -4.4864 -4.5645 -4.7161 -4.7737 -4.8498 -4.9413 
-0.1454 0.1912 0.9760 1.0579 2.2416 3.1845 3.6931 4.1299 3.2670 2.7885 1.9348 0.4435 0.0766 0.0283 -0.3004 -0.4009 -0.4344 -0.7067 -0.7302 -0.9419 -1.1746 -1.1759 -1.3816 -1.5814 -1.8851 -1.9426 -1.9798 -2.1197 -2.2338 -2.2905 -2.3531 -2.6156 -2.6740 -2.9222 -3.0042 -3.0314 -3.3636 -3.4864 -3.5366 -3.5463 -3.7108 -3.8908 -3.9862 -4.2603 -4.2928 -4.3330 -4.3500 -4.5598 -4.5672 -4.7900 -4.8744 -4.9598 
-0.1829 0.1849 0.6477 -0.1497 1.8494 2.2803 3.4677 3.2670 4.2225 3.7938 2.5043 1.3585 0.3215 0.0069 -0.0976 -0.1405 -0.3278 -0.5085 -0.6534 -0.7317 -1.2095 -1.2386 -1.4365 -1.5722 -1.6170 -1.8090 -1.8870 -2.0893 -2.2138 -2.3400 -2.4867 -2.5991 -2.7686 -2.7987 -2.8468 -2.9447 -3.0818 -3.0986 -3.2867 -3.3625 -3.4836 -3.5065 -3.5180 -3.7459 -3.8770 -3.9455 -4.4957 -4.8202 -4.9173 -4.9944 -5.0294 -5.0503 
-0.4859 0.1407 -0.3252 -0.1975 1.4698 2.0190 1.2067 2.7885 3.7938 4.3564 3.5954 2.3436 1.3048 1.2217 0.8652 0.4817 0.0638 0.0185 -0.0625 -0.2714 -0.5266 -0.7137 -0.8874 -1.1193 -1.4460 -1.5381 -1.5790 -1.6340 -1.7282 -1.8550 -1.9054 -2.1044 -2.2595 -2.3971 -2.4740 -2.4996 -2.5401 -2.8364 -3.1390 -3.3271 -3.4166 -3.5109 -3.6218 -3.6985 -3.7330 -3.8285 -4.2299 -4.3633 -4.4422 -4.5255 -4.9204 -4.9499 
-0.8164 -0.2633 -0.4232 -0.4851 0.2531 1.3404 0.9888 1.9348 2.5043 3.5954 4.4032 3.2506 2.4379 1.7197 1.0457 0.4241 0.1275 0.0024 -0.5080 -0.5651 -0.7692 -0.8231 -0.9099 -1.0246 -1.1149 -1.2232 -1.3532 -1.4123 -1.4303 -1.4395 -1.6845 -1.9260 -1.9812 -2.3336 -2.4887 -2.7155 -2.7673 -2.9921 -3.1706 -3.1999 -3.3653 -3.3897 -3.4468 -3.5107 -3.8198 -3.9598 -4.0201 -4.3975 -4.4929 -4.7328 -4.7465 -4.8983 
-0.8999 -0.2720 -0.4734 -0.8014 0.0449 0.2285 0.2121 0.4435 1.3585 2.3436 3.2506 4.7368 3.9118 3.3181 1.6382 1.2619 0.9015 0.6881 0.4428 0.4201 -0.2374 -0.7797 -1.6229 -1.7537 -1.7961 -1.9054 -1.9114 -2.0596 -2.1592 -2.3824 -2.4700 -2.5542 -2.5773 -2.6482 -2.9102 -2.9701 -3.0157 -3.1099 -3.1579 -3.4175 -3.4956 -3.6238 -3.7452 -3.7855 -3.9343 -4.2137 -4.3487 -4.4947 -4.7012 -4.7405 -4.7981 -4.8733 
-0.9125 -0.3396 -0.4904 -0.9739 0.0234 0.0871 -0.3013 0.0766 0.3215 1.3048 2.4379 3.9118 4.7806 3.6405 3.1700 1.1254 0.9216 0.3741 0.3099 0.0755 -0.6800 -0.7681 -0.9835 -1.0317 -1.2461 -1.3348 -1.4950 -1.6570 -1.6825 -1.7518 -1.9436 -2.1733 -2.1975 -2.2364 -2.2540 -2.2962 -2.3545 -2.4914 -2.5815 -2.7666 -2.8907 -3.0050 -3.2736 -3.8237 -4.0283 -4.1320 -4.3236 -4.4483 -4.6130 -4.6271 -4.8216 -4.9312 
-0.9626 -0.5240 -0.5030 -1.0267 -0.0157 0.0022 -0.3814 0.0283 0.0069 1.2217 1.7197 3.3181 3.6405 4.8798 2.9652 2.2600 1.9249 1.6845 1.1580 0.0177 -0.1956 -0.2463 -0.3609 -0.4228 -0.6014 -0.7509 -1.2369 -1.2891 -1.3451 -1.4076 -1.7696 -1.9745 -2.0710 -2.1475 -2.2842 -2.4866 -2.5648 -2.6640 -2.9221 -3.0403 -3.1102 -3.1900 -3.6899 -3.7207 -3.8955 -3.9508 -4.2673 -4.3015 -4.3135 -4.6394 -4.7190 -4.7279 
-1.0631 -0.5276 -0.6802 -1.0792 -0.3902 -0.1020 -0.4139 -0.3004 -0.0976 0.8652 1.0457 1.6382 3.1700 2.9652 5.3045 3.8045 3.1351 1.8585 1.1044 0.1983 0.0841 -0.3218 -0.4246 -0.6769 -1.0055 -1.0705 -1.1515 -1.6909 -1.8750 -2.1191 -2.2392 -2.3795 -2.5589 -2.6379 -2.8746 -2.9506 -3.1510 -3.3811 -3.4411 -3.5484 -3.6449 -3.8208 -3.9706 -4.0350 -4.1984 -4.4155 -4.4855 -4.5745 -4.6691 -4.8333 -5.0027 -5.0666 
-1.2992 -0.8533 -0.7411 -1.1749 -0.5385 -0.3030 -0.4385 -0.4009 -0.1405 0.4817 0.4241 1.2619 1.1254 2.2600 3.8045 5.3938 3.4668 2.3965 2.0292 1.3174 0.2096 0.1262 -0.1397 -0.4218 -0.6562 -0.7495 -1.5272 -1.8131 -1.8825 -1.8955 -2.2878 -2.4402 -2.4969 -2.5794 -2.6331 -2.8754 -2.9978 -3.0680 -3.2080 -3.3977 -3.5223 -3.6372 -3.7742 -3.9272 -4.1583 -4.2236 -4.2924 -4.5500 -4.6026 -4.7644 -4.8836 -4.8903 
-1.3366 -0.9102 -0.9025 -1.3300 -0.5515 -0.4026 -0.5126 -0.4344 -0.3278 0.0638 0.1275 0.9015 0.9216 1.9249 3.1351 3.4668 5.5720 3.6224 2.5869 2.0479 1.9918 0.2810 -0.2588 -0.5116 -0.6021 -0.7074 -0.9951 -1.0449 -1.1190 -1.1847 -1.3476 -1.5211 -1.5872 -1.6950 -1.8478 -2.1027 -2.2732 -3.0560 -3.2588 -3.4572 -3.5038 -3.5584 -3.7733 -3.8253 -3.8853 -4.0583 -4.3143 -4.4015 -4.4369 -4.5714 -4.7480 -4.9169 
-1.3559 -0.9996 -0.9634 -1.3440 -0.8177 -0.5404 -0.9999 -0.7067 -0.5085 0.0185 0.0024 0.6881 0.3741 1.6845 1.8585 2.3965 3.6224 5.6207 3.3431 2.6989 0.9102 0.8319 -0.2684 -0.5279 -0.6072 -0.7874 -0.9449 -1.0941 -1.1554 -1.2302 -1.5984 -1.6470 -1.7458 -1.8243 -2.0620 -2.2589 -2.3114 -2.4187 -2.5786 -2.7078 -2.7439 -2.9970 -3.1359 -3.2523 -3.5952 -3.8302 -4.0672 -4.2685 -4.6340 -4.7292 -4.8342 -4.9160 
-1.6658 -1.1785 -1.1077 -1.3759 -1.0348 -0.8011 -1.1316 -0.7302 -0.6534 -0.0625 -0.5080 0.4428 0.3099 1.1580 1.1044 2.0292 2.5869 3.3431 5.6889 3.6735 2.2984 2.2207 0.2971 -0.1924 -0.2165 -0.6482 -0.9786 -1.2672 -1.2929 -1.3220 -1.6508 -1.7381 -1.9216 -2.1438 -2.2398 -2.6539 -2.7277 -2.7887 -3.2110 -3.3350 -3.3807 -3.4470 -3.4701 -3.7251 -3.8031 -3.8860 -4.2411 -4.4488 -4.5048 -4.5839 -4.7675 -4.8546 
-1.7549 -1.2473 -1.3187 -1.3825 -1.1686 -0.8664 -1.2838 -0.9419 -0.7317 -0.2714 -0.5651 0.4201 0.0755 0.0177 0.1983 1.3174 2.0479 2.6989 3.6735 5.7098 3.6263 3.5940 1.7855 1.1054 -0.0554 -0.2747 -0.4248 -0.4525 -0.6039 -0.7087 -0.8918 -1.3848 -1.4454 -1.5629 -1.6861 -1.7508 -2.1135 -2.3373 -2.4455 -2.6179 -2.8882 -2.9509 -3.0658 -3.1818 -3.3569 -3.4315 -3.7900 -3.8268 -4.2227 -4.5925 -4.6072 -4.8581 
-1.8009 -1.3733 -1.4864 -1.4364 -1.2039 -1.2607 -1.2957 -1.1746 -1.2095 -0.5266 -0.7692 -0.2374 -0.6800 -0.1956 0.0841 0.2096 1.9918 0.9102 2.2984 3.6263 5.7765 3.1802 2.9339 1.1978 0.7917 -0.1196 -0.3251 -0.5540 -0.7800 -0.9255 -0.9956 -1.0137 -1.3091 -1.5456 -1.8556 -2.0052 -2.0096 -2.3926 -2.5988 -2.9133 -2.9438 -3.0300 -3.2137 -3.3487 -3.6169 -3.7122 -3.8770 -4.1738 -4.4402 -4.4658 -4.6107 -4.9619 
-1.9808 -1.4868 -1.5922 -1.5565 -1.2915 -1.3143 -1.5708 -1.1759 -1.2386 -0.7137 -0.8231 -0.7797 -0.7681 -0.2463 -0.3218 0.1262 0.2810 0.8319 2.2207 3.5940 3.1802 5.7824 2.8961 1.7672 0.8690 -0.1161 -0.1269 -0.3661 -0.5308 -1.1367 -1.1894 -1.3463 -1.4773 -1.5318 -1.8617 -2.0402 -2.0582 -2.1247 -2.2483 -2.3262 -2.4294 -2.7099 -3.0026 -3.3677 -3.5168 -3.5394 -3.6995 -4.1710 -4.2820 -4.3064 -4.6694 -4.8214 
-2.0854 -1.5714 -1.6818 -1.6374 -1.3675 -1.5113 -1.6595 -1.3816 -1.4365 -0.8874 -0.9099 -1.6229 -0.9835 -0.3609 -0.4246 -0.1397 -0.2588 -0.2684 0.2971 1.7855 2.9339 2.8961 5.8823 3.4901 1.6026 0.1830 -0.3994 -0.4092 -0.5053 -0.7940 -0.8994 -1.0756 -1.1370 -1.3997 -1.4814 -1.6294 -1.9209 -2.0259 -2.1787 -2.4926 -2.5554 -2.9269 -3.0498 -3.5283 -3.6100 -3.6742 -3.7475 -3.8283 -4.2546 -4.5009 -4.8234 -4.9112 
-2.2106 -1.7362 -1.7004 -1.6703 -1.3716 -1.5299 -1.6618 -1.5814 -1.5722 -1.1193 -1.0246 -1.7537 -1.0317 -0.4228 -0.6769 -0.4218 -0.5116 -0.5279 -0.1924 1.1054 1.1978 1.7672 3.4901 6.4050 1.3286 0.0765 -0.3606 -0.6310 -0.6414 -1.2895 -1.3296 -1.3887 -1.4166 -1.5257 -1.6475 -1.9612 -2.1988 -2.2281 -2.4838 -2.6263 -2.8082 -2.9204 -3.1030 -3.1455 -3.1828 -3.6518 -3.7155 -3.8810 -4.0691 -4.4869 -4.5444 -4.6914 
-2.2659 -1.8079 -1.7290 -1.8062 -1.5858 -1.6919 -1.7670 -1.8851 -1.6170 -1.4460 -1.1149 -1.7961 -1.2461 -0.6014 -1.0055 -0.6562 -0.6021 -0.6072 -0.2165 -0.0554 0.7917 0.8690 1.6026 1.3286 6.6727 -0.1376 -0.2848 -0.3955 -0.5101 -0.6332 -0.6790 -0.8593 -0.9780 -1.0454 -1.0931 -1.2489 -1.7426 -2.2176 -2.2730 -2.3222 -2.7816 -2.9914 -3.0174 -3.1060 -3.1195 -3.3377 -3.4234 -3.4370 -3.9232 -4.0406 -4.5146 -4.7366 
-2.3292 -1.8637 -1.7446 -1.8315 -1.6359 -1.8195 -1.7716 -1.9426 -1.8090 -1.5381 -1.2232 -1.9054 -1.3348 -0.7509 -1.0705 -0.7495 -0.7074 -0.7874 -0.6482 -0.2747 -0.1196 -0.1161 0.1830 0.0765 -0.1376 7.0361 -0.3302 -0.5338 -0.8299 -0.9519 -0.9800 -1.0332 -1.2603 -1.6607 -1.9233 -1.9433 -2.1643 -2.3683 -2.6402 -2.6675 -2.8171 -2.9508 -3.7164 -3.7736 -4.3138 -4.3286 -4.3637 -4.4820 -4.5419 -4.5750 -4.8242 -4.9072 
-2.5034 -1.9316 -1.7567 -1.8458 -1.7083 -1.8726 -1.8572 -1.9798 -1.8870 -1.5790 -1.3532 -1.9114 -1.4950 -1.2369 -1.1515 -1.5272 -0.9951 -0.9449 -0.9786 -0.4248 -0.3251 -0.1269 -0.3994 -0.3606 -0.2848 -0.3302 2.4177 1.7578 1.3988 0.7172 0.3638 0.1309 0.0803 0.0604 -0.0602 -0.9144 -1.6146 -1.7420 -1.7911 -1.9055 -2.0284 -2.4744 -2.6004 -2.9803 -3.1775 -3.2469 -3.3752 -4.0438 -4.2264 -4.2330 -4.4003 -4.8759 
-2.5606 -2.0796 -1.8651 -1.9400 -1.7670 -1.9770 -2.0692 -2.1197 -2.0893 -1.6340 -1.4123 -2.0596 -1.6570 -1.2891 -1.6909 -1.8131 -1.0449 -1.0941 -1.2672 -0.4525 -0.5540 -0.3661 -0.4092 -0.6310 -0.3955 -0.5338 1.7578 3.2190 2.6268 2.1812 2.1446 1.7857 0.6327 0.3848 -0.7355 -0.7500 -0.9744 -1.1707 -1.1939 -1.4312 -1.7844 -2.0693 -2.5003 -2.5754 -2.6203 -3.2253 -3.3719 -3.3968 -3.9115 -4.4900 -4.5581 -4.7891 
-2.6321 -2.1069 -2.3038 -2.0893 -2.0772 -2.1301 -2.3067 -2.2338 -2.2138 -1.7282 -1.4303 -2.1592 -1.6825 -1.3451 -1.8750 -1.8825 -1.1190 -1.1554 -1.2929 -0.6039 -0.7800 -0.5308 -0.5053 -0.6414 -0.5101 -0.8299 1.3988 2.6268 3.8222 3.0870 2.4231 2.2056 1.0569 0.9204 -0.4158 -0.5963 -0.7863 -2.0009 -2.2420 -2.3579 -2.4057 -2.5695 -2.9744 -3.1125 -3.2301 -3.5127 -3.5338 -3.6361 -3.9520 -4.3221 -4.6609 -4.8119 
-2.7111 -2.1618 -2.3687 -2.1850 -2.1516 -2.5325 -2.4086 -2.2905 -2.3400 -1.8550 -1.4395 -2.3824 -1.7518 -1.4076 -2.1191 -1.8955 -1.1847 -1.2302 -1.3220 -0.7087 -0.9255 -1.1367 -0.7940 -1.2895 -0.6332 -0.9519 0.7172 2.1812 3.0870 3.8983 3.2386 2.7262 1.6478 0.9576 0.1808 0.0526 0.0287 -0.3121 -1.1090 -1.8536 -1.8827 -2.1893 -2.4573 -2.8652 -3.4821 -3.4907 -3.7011 -3.8844 -3.9812 -4.4542 -4.8188 -4.8512 
-2.7922 -2.4682 -2.3794 -2.2293 -2.2138 -2.5722 -2.4753 -2.3531 -2.4867 -1.9054 -1.6845 -2.4700 -1.9436 -1.7696 -2.2392 -2.2878 -1.3476 -1.5984 -1.6508 -0.8918 -0.9956 -1.1894 -0.8994 -1.3296 -0.6790 -0.9800 0.3638 2.1446 2.4231 3.2386 3.9512 3.2428 2.8038 2.7485 2.2491 1.3185 -0.3905 -1.2075 -1.2845 -1.7614 -1.8287 -2.0506 -2.1202 -2.2803 -2.5450 -2.5822 -3.2482 -3.4561 -3.5678 -4.2146 -4.7989 -4.8965 
-2.8415 -2.5352 -2.4277 -2.3010 -2.3024 -2.5905 -2.5677 -2.6156 -2.5991 -2.1044 -1.9260 -2.5542 -2.1733 -1.9745 -2.3795 -2.4402 -1.5211 -1.6470 -1.7381 -1.3848 -1.0137 -1.3463 -1.0756 -1.3887 -0.8593 -1.0332 0.1309 1.7857 2.2056 2.7262 3.2428 4.1103 2.9858 2.3271 1.9508 1.6447 0.2005 -0.4372 -1.3267 -1.5421 -1.6496 -1.9689 -2.0212 -2.5398 -2.9155 -2.9598 -3.1548 -3.4461 -3.8641 -4.0782 -4.4399 -4.6123 
-3.1787 -2.6281 -2.5535 -2.3609 -2.4222 -2.6715 -2.6074 -2.6740 -2.7686 -2.2595 -1.9812 -2.5773 -2.1975 -2.0710 -2.5589 -2.4969 -1.5872 -1.7458 -1.9216 -1.4454 -1.3091 -1.4773 -1.1370 -1.4166 -0.9780 -1.2603 0.0803 0.6327 1.0569 1.6478 2.8038 2.9858 4.2268 3.8201 3.6983 2.6432 0.8464 -0.8973 -1.0519 -1.2286 -1.4693 -2.1600 -2.2725 -2.4252 -2.5687 -3.0385 -3.6429 -3.7077 -3.9293 -4.1646 -4.9110 -4.9716 
-3.3846 -2.7657 -2.8434 -2.4127 -2.4594 -2.8050 -2.7281 -2.9222 -2.7987 -2.3971 -2.3336 -2.6482 -2.2364 -2.1475 -2.6379 -2.5794 -1.6950 -1.8243 -2.1438 -1.5629 -1.5456 -1.5318 -1.3997 -1.5257 -1.0454 -1.6607 0.0604 0.3848 0.9204 0.9576 2.7485 2.3271 3.8201 4.3349 4.0140 3.1252 1.0090 0.9333 -0.5315 -0.8831 -1.4590 -1.6345 -1.9830 -2.1699 -2.8671 -2.9048 -3.2565 -3.5757 -3.9094 -3.9999 -4.3811 -4.5831 
-3.4919 -2.8500 -2.8731 -2.5149 -2.5486 -2.8518 -3.0372 -3.0042 -2.8468 -2.4740 -2.4887 -2.9102 -2.2540 -2.2842 -2.8746 -2.6331 -1.8478 -2.0620 -2.2398 -1.6861 -1.8556 -1.8617 -1.4814 -1.6475 -1.0931 -1.9233 -0.0602 -0.7355 -0.4158 0.1808 2.2491 1.9508 3.6983 4.0140 4.7513 2.7615 1.6389 0.8306 0.6056 -0.5073 -1.0568 -1.7035 -2.0096 -2.3684 -2.5908 -2.6567 -3.1282 -3.3642 -3.6302 -3.9095 -4.0236 -4.6817 
-3.6096 -2.8712 -2.9755 -2.6138 -2.8991 -3.1151 -3.0552 -3.0314 -2.9447 -2.4996 -2.7155 -2.9701 -2.2962 -2.4866 -2.9506 -2.8754 -2.1027 -2.2589 -2.6539 -1.7508 -2.0052 -2.0402 -1.6294 -1.9612 -1.2489 -1.9433 -0.9144 -0.7500 -0.5963 0.0526 1.3185 1.6447 2.6432 3.1252 2.7615 4.7540 2.1599 1.5562 1.4570 1.1025 -0.4863 -0.7696 -0.8781 -1.9353 -2.4353 -2.5354 -3.1127 -3.3308 -3.5412 -3.7688 -4.0655 -4.5403 
-3.6952 -2.9341 -3.0061 -2.7260 -3.1212 -3.1858 -3.0776 -3.3636 -3.0818 -2.5401 -2.7673 -3.0157 -2.3545 -2.5648 -3.1510 -2.9978 -2.2732 -2.3114 -2.7277 -2.1135 -2.0096 -2.0582 -1.9209 -2.1988 -1.7426 -2.1643 -1.6146 -0.9744 -0.7863 0.0287 -0.3905 0.2005 0.8464 1.0090 1.6389 2.1599 4.7719 3.7481 3.0648 1.7220 0.6825 -0.1365 -0.3020 -0.7459 -1.0730 -1.6771 -1.9773 -2.1741 -2.6834 -3.2731 -4.0075 -4.6140 
-3.7541 -2.9770 -3.0664 -3.0212 -3.3083 -3.3911 -3.3040 -3.4864 -3.0986 -2.8364 -2.9921 -3.1099 -2.4914 -2.6640 -3.3811 -3.0680 -3.0560 -2.4187 -2.7887 -2.3373 -2.3926 -2.1247 -2.0259 -2.2281 -2.2176 -2.3683 -1.7420 -1.1707 -2.0009 -0.3121 -1.2075 -0.4372 -0.8973 0.9333 0.8306 1.5562 3.7481 4.8064 3.8467 2.9115 0.5578 0.4049 -0.6116 -0.9485 -1.1828 -1.6805 -1.9102 -2.0212 -3.0384 -3.0973 -3.6236 -3.8216 
-3.8978 -3.0392 -3.3148 -3.0847 -3.3569 -3.5696 -3.4512 -3.5366 -3.2867 -3.1390 -3.1706 -3.1579 -2.5815 -2.9221 -3.4411 -3.2080 -3.2588 -2.5786 -3.2110 -2.4455 -2.5988 -2.2483 -2.1787 -2.4838 -2.2730 -2.6402 -1.7911 -1.1939 -2.2420 -1.1090 -1.2845 -1.3267 -1.0519 -0.5315 0.6056 1.4570 3.0648 3.8467 4.9215 2.7329 2.0296 1.0280 0.3157 -0.7597 -0.8653 -1.6169 -2.6298 -2.9864 -3.2794 -3.8377 -4.0437 -4.4789 
-3.9050 -3.3143 -3.4972 -3.1206 -3.5619 -3.8840 -3.5228 -3.5463 -3.3625 -3.3271 -3.1999 -3.4175 -2.7666 -3.0403 -3.5484 -3.3977 -3.4572 -2.7078 -3.3350 -2.6179 -2.9133 -2.3262 -2.4926 -2.6263 -2.3222 -2.6675 -1.9055 -1.4312 -2.3579 -1.8536 -1.7614 -1.5421 -1.2286 -0.8831 -0.5073 1.1025 1.7220 2.9115 2.7329 4.9920 3.8128 1.8626 1.0682 -0.0404 -0.2655 -0.6355 -0.8546 -2.0930 -3.5073 -3.5501 -3.7134 -4.4544 
-3.9273 -3.5264 -3.6054 -3.2753 -3.6280 -3.9195 -3.5488 -3.7108 -3.4836 -3.4166 -3.3653 -3.4956 -2.8907 -3.1102 -3.6449 -3.5223 -3.5038 -2.7439 -3.3807 -2.8882 -2.9438 -2.4294 -2.5554 -2.8082 -2.7816 -2.8171 -2.0284 -1.7844 -2.4057 -1.8827 -1.8287 -1.6496 -1.4693 -1.4590 -1.0568 -0.4863 0.6825 0.5578 2.0296 3.8128 5.3606 3.2258 2.8092 2.3031 2.1567 0.1646 -0.7711 -1.9383 -3.3637 -3.3871 -4.0732 -4.3186 
-3.9814 -3.5788 -3.6622 -3.4511 -3.8008 -3.9750 -3.8662 -3.8908 -3.5065 -3.5109 -3.3897 -3.6238 -3.0050 -3.1900 -3.8208 -3.6372 -3.5584 -2.9970 -3.4470 -2.9509 -3.0300 -2.7099 -2.9269 -2.9204 -2.9914 -2.9508 -2.4744 -2.0693 -2.5695 -2.1893 -2.0506 -1.9689 -2.1600 -1.6345 -1.7035 -0.7696 -0.1365 0.4049 1.0280 1.8626 3.2258 5.5131 3.5845 2.1288 1.8667 0.8104 -0.4754 -1.6239 -1.8496 -3.5709 -4.3189 -4.4629 
-4.0276 -3.7075 -3.7119 -3.6200 -3.8748 -4.0468 -4.0163 -3.9862 -3.5180 -3.6218 -3.4468 -3.7452 -3.2736 -3.6899 -3.9706 -3.7742 -3.7733 -3.1359 -3.4701 -3.0658 -3.2137 -3.0026 -3.0498 -3.1030 -3.0174 -3.7164 -2.6004 -2.5003 -2.9744 -2.4573 -2.1202 -2.0212 -2.2725 -1.9830 -2.0096 -0.8781 -0.3020 -0.6116 0.3157 1.0682 2.8092 3.5845 5.5620 3.3537 1.4126 0.9441 0.5950 -1.0830 -2.1458 -2.7361 -2.9946 -4.1185 
-4.1407 -3.8361 -3.8188 -3.7882 -3.9316 -4.1218 -4.0531 -4.2603 -3.7459 -3.6985 -3.5107 -3.7855 -3.8237 -3.7207 -4.0350 -3.9272 -3.8253 -3.2523 -3.7251 -3.1818 -3.3487 -3.3677 -3.5283 -3.1455 -3.1060 -3.7736 -2.9803 -2.5754 -3.1125 -2.8652 -2.2803 -2.5398 -2.4252 -2.1699 -2.3684 -1.9353 -0.7459 -0.9485 -0.7597 -0.0404 2.3031 2.1288 3.3537 5.7290 3.5676 1.7807 1.2395 0.2722 -0.9672 -2.1129 -3.7796 -4.6869 
-4.2666 -3.9562 -4.0049 -3.8797 -4.0031 -4.1376 -4.2308 -4.2928 -3.8770 -3.7330 -3.8198 -3.9343 -4.0283 -3.8955 -4.1984 -4.1583 -3.8853 -3.5952 -3.8031 -3.3569 -3.6169 -3.5168 -3.6100 -3.1828 -3.1195 -4.3138 -3.1775 -2.6203 -3.2301 -3.4821 -2.5450 -2.9155 -2.5687 -2.8671 -2.5908 -2.4353 -1.0730 -1.1828 -0.8653 -0.2655 2.1567 1.8667 1.4126 3.5676 5.7602 3.3506 2.4637 1.8882 1.3863 -1.1997 -2.5652 -3.6011 
-4.3680 -4.0375 -4.0392 -3.9657 -4.0636 -4.1790 -4.3502 -4.3330 -3.9455 -3.8285 -3.9598 -4.2137 -4.1320 -3.9508 -4.4155 -4.2236 -4.0583 -3.8302 -3.8860 -3.4315 -3.7122 -3.5394 -3.6742 -3.6518 -3.3377 -4.3286 -3.2469 -3.2253 -3.5127 -3.4907 -2.5822 -2.9598 -3.0385 -2.9048 -2.6567 -2.5354 -1.6771 -1.6805 -1.6169 -0.6355 0.1646 0.8104 0.9441 1.7807 3.3506 5.8374 3.0913 2.6837 1.8220 1.1400 -1.3012 -3.4583 
-4.4952 -4.2658 -4.1976 -4.1074 -4.2886 -4.3707 -4.4864 -4.3500 -4.4957 -4.2299 -4.0201 -4.3487 -4.3236 -4.2673 -4.4855 -4.2924 -4.3143 -4.0672 -4.2411 -3.7900 -3.8770 -3.6995 -3.7475 -3.7155 -3.4234 -4.3637 -3.3752 -3.3719 -3.5338 -3.7011 -3.2482 -3.1548 -3.6429 -3.2565 -3.1282 -3.1127 -1.9773 -1.9102 -2.6298 -0.8546 -0.7711 -0.4754 0.5950 1.2395 2.4637 3.0913 5.8895 3.2537 2.6257 2.2066 1.2820 -4.1608 
-4.6301 -4.5014 -4.2368 -4.4300 -4.5034 -4.4185 -4.5645 -4.5598 -4.8202 -4.3633 -4.3975 -4.4947 -4.4483 -4.3015 -4.5745 -4.5500 -4.4015 -4.2685 -4.4488 -3.8268 -4.1738 -4.1710 -3.8283 -3.8810 -3.4370 -4.4820 -4.0438 -3.3968 -3.6361 -3.8844 -3.4561 -3.4461 -3.7077 -3.5757 -3.3642 -3.3308 -2.1741 -2.0212 -2.9864 -2.0930 -1.9383 -1.6239 -1.0830 0.2722 1.8882 2.6837 3.2537 5.9332 2.9513 1.6723 0.5205 -2.9281 
-4.7021 -4.5840 -4.5570 -4.4882 -4.5972 -4.4510 -4.7161 -4.5672 -4.9173 -4.4422 -4.4929 -4.7012 -4.6130 -4.3135 -4.6691 -4.6026 -4.4369 -4.6340 -4.5048 -4.2227 -4.4402 -4.2820 -4.2546 -4.0691 -3.9232 -4.5419 -4.2264 -3.9115 -3.9520 -3.9812 -3.5678 -3.8641 -3.9293 -3.9094 -3.6302 -3.5412 -2.6834 -3.0384 -3.2794 -3.5073 -3.3637 -1.8496 -2.1458 -0.9672 1.3863 1.8220 2.6257 2.9513 5.9422 3.3816 1.4819 -2.0948 
-4.8056 -4.7519 -4.6345 -4.5439 -4.7858 -4.5156 -4.7737 -4.7900 -4.9944 -4.5255 -4.7328 -4.7405 -4.6271 -4.6394 -4.8333 -4.7644 -4.5714 -4.7292 -4.5839 -4.5925 -4.4658 -4.3064 -4.5009 -4.4869 -4.0406 -4.5750 -4.2330 -4.4900 -4.3221 -4.4542 -4.2146 -4.0782 -4.1646 -3.9999 -3.9095 -3.7688 -3.2731 -3.0973 -3.8377 -3.5501 -3.3871 -3.5709 -2.7361 -2.1129 -1.1997 1.1400 2.2066 1.6723 3.3816 5.9931 2.2996 -2.1683 
-4.8623 -4.8662 -4.6609 -4.6356 -4.9603 -4.6383 -4.8498 -4.8744 -5.0294 -4.9204 -4.7465 -4.7981 -4.8216 -4.7190 -5.0027 -4.8836 -4.7480 -4.8342 -4.7675 -4.6072 -4.6107 -4.6694 -4.8234 -4.5444 -4.5146 -4.8242 -4.4003 -4.5581 -4.6609 -4.8188 -4.7989 -4.4399 -4.9110 -4.3811 -4.0236 -4.0655 -4.0075 -3.6236 -4.0437 -3.7134 -4.0732 -4.3189 -2.9946 -3.7796 -2.5652 -1.3012 1.2820 0.5205 1.4819 2.2996 6.0601 -2.3410 
-4.9037 -4.9233 -4.9411 -4.9090 -5.0019 -4.8348 -4.9413 -4.9598 -5.0503 -4.9499 -4.8983 -4.8733 -4.9312 -4.7279 -5.0666 -4.8903 -4.9169 -4.9160 -4.8546 -4.8581 -4.9619 -4.8214 -4.9112 -4.6914 -4.7366 -4.9072 -4.8759 -4.7891 -4.8119 -4.8512 -4.8965 -4.6123 -4.9716 -4.5831 -4.6817 -4.5403 -4.6140 -3.8216 -4.4789 -4.4544 -4.3186 -4.4629 -4.1185 -4.6869 -3.6011 -3.4583 -4.1608 -2.9281 -2.0948 -2.1683 -2.3410 6.1741 
-0.3336 -0.6931 -0.7257 -0.7459 -0.7462 -0.7463 -0.7550 -0.7725 -0.7825 -0.7826 -0.7835 -0.7854 -0.7966 -0.8069 -0.8130 -0.8807 -0.9441 -0.9903 -1.1141 -1.1591 -1.1719 -1.2399 -1.7361 -2.1720 -2.4032 -2.5966 -0.3528 -0.5618 -0.5624 -0.5646 -0.5952 -0.6064 -0.6160 -0.6213 -0.6240 -0.6293 -0.6372 -0.6484 -0.6646 -0.6842 -0.7626 -0.7666 -0.7778 -0.7894 -0.9632 -1.0469 -1.1646 -1.2166 -1.6421 -1.7619 -2.2402 -2.3087 
-0.5433 -1.0527 -1.1056 -1.1081 -1.1285 -1.2058 -1.2675 -1.2945 -1.2982 -1.3066 -1.3238 -1.3427 -1.3764 -1.3836 -1.3854 -1.3971 -1.4543 -1.4941 -1.5166 -1.5726 -1.7157 -1.8292 -2.0668 -2.3709 -2.8461 -3.1637 -0.9918 -1.0210 -1.0270 -1.0325 -1.0738 -1.0772 -1.0841 -1.0860 -1.1760 -1.2339 -1.2339 -1.2681 -1.3353 -1.4965 -1.6165 -1.6679 -1.7412 -1.9658 -2.1133 -2.2732 -2.4903 -2.5080 -2.7173 -2.8659 -2.9674 -2.9892 
